26
22
21
20
19
18
17
17
16
15
14
14
13
13
13
13
9
9
9
5
5
5
4
4
4
3
3
3
3
3
2
2
2
1
1
22
21
20
19
18
18
18
16
16
15
15
15
14
14
11
11
10
10
9
9
7
7
7
7
7
6
5
4
4
4
4
3
2
2
2
2
2
2
2
1
1
1
15
15
13
13
12
10
9
8
8
7
7
6
6
6
5
4
4
3
3
3
2
2
2
2
2
2
2
1
1
1
1
1
1
1
1
1
1
1
1
1
1
1
1
1
1
1
1
26
24
23
21
21
19
18
18
18
17
17
17
16
14
13
13
12
10
9
7
6
6
5
5
5
5
5
5
5
5
5
4
3
3
17
15
12
12
10
10
9
7
7
7
7
7
7
7
7
6
6
5
4
3
3
3
3
3
3
3
3
3
3
2
2
2
2
17
16
14
11
10
10
10
10
8
7
7
6
6
6
6
6
5
5
5
5
4
3
3
3
2
2
2
2
2
2
2
2
2
2
2
2
2
2
2
2
2
2
2
2
2
2
2
2
1
0
