[]
[10]
[10, 2]
[10, 2, 9]
[10, 2, 9, 3]
[10, 2, 9, 3, 8]
[10, 2, 9, 3, 8, 4]
[10, 2, 9, 3, 8, 4, 1]
[10, 2, 9, 3, 1]
[10, 2, 9, 3, 1, 4]
[10, 2, 9, 3, 1, 4, 8]
[10, 2, 9, 3, 1, 4, 8, 5]
[10, 2, 9, 3, 1, 7]
[10, 2, 9, 3, 1, 8]
[10, 2, 9, 1]
[10, 2, 9, 1, 4]
[10, 2, 9, 1, 4, 8]
[10, 2, 9, 1, 4, 8, 3]
[10, 2, 9, 1, 4, 7]
[10, 2, 9, 1, 4, 7, 3]
[10, 2, 9, 1, 4, 7, 3, 6]
[10, 2, 9, 1, 3]
[10, 2, 9, 1, 3, 8]
[10, 2, 9, 1, 3, 8, 6]
[10, 2, 9, 1, 3, 7]
[10, 2, 9, 1, 8]
[10, 2, 9, 1, 8, 4]
[10, 2, 9, 6]
[10, 2, 9, 6, 4]
[10, 2, 9, 6, 4, 7]
[10, 2, 9, 6, 4, 7, 1]
[10, 2, 9, 6, 4, 1]
[10, 2, 9, 6, 4, 1, 8]
[10, 2, 9, 6, 4, 1, 8, 5]
[10, 2, 9, 6, 4, 1, 8, 5, 7]
[10, 2, 9, 6, 1]
[10, 2, 9, 6, 1, 7]
[10, 2, 9, 6, 1, 3]
[10, 2, 9, 6, 1, 3, 8]
[10, 2, 9, 6, 3]
[10, 2, 9, 6, 3, 1]
[10, 2, 9, 6, 3, 1, 8]
[10, 2, 9, 6, 3, 1, 8, 5]
[10, 2, 9, 6, 3, 7]
[10, 2, 9, 6, 8]
[10, 2, 9, 6, 8, 3]
[10, 2, 9, 6, 8, 3, 1]
[10, 2, 9, 6, 8, 3, 1, 7]
[10, 2, 9, 6, 8, 3, 1, 7, 5]
[10, 2, 9, 6, 8, 1]
[10, 2, 9, 5]
[10, 2, 9, 5, 1]
[10, 2, 9, 5, 1, 8]
[10, 2, 9, 5, 1, 8, 6]
[10, 2, 9, 5, 1, 4]
[10, 2, 9, 5, 1, 4, 6]
[10, 2, 9, 5, 8]
[10, 2, 9, 5, 8, 1]
[10, 2, 9, 5, 8, 1, 3]
[10, 2, 9, 5, 8, 1, 3, 6]
[10, 2, 9, 5, 8, 1, 3, 7]
[10, 2, 9, 5, 8, 4]
[10, 2, 9, 5, 8, 4, 1]
[10, 2, 9, 5, 8, 4, 1, 7]
[10, 2, 9, 5, 3]
[10, 2, 9, 5, 3, 1]
[10, 2, 9, 5, 3, 1, 6]
[10, 2, 9, 5, 3, 8]
[10, 2, 9, 5, 3, 8, 6]
[10, 2, 6]
[10, 2, 6, 8]
[10, 2, 6, 8, 1]
[10, 2, 6, 8, 1, 7]
[10, 2, 6, 8, 1, 7, 9]
[10, 2, 6, 8, 1, 4]
[10, 2, 6, 8, 1, 4, 9]
[10, 2, 6, 8, 1, 4, 9, 7]
[10, 2, 6, 8, 1, 4, 9, 5]
[10, 2, 6, 8, 3]
[10, 2, 6, 8, 3, 1]
[10, 2, 6, 8, 3, 1, 9]
[10, 2, 6, 8, 3, 1, 9, 5]
[10, 2, 6, 8, 3, 1, 9, 7]
[10, 2, 6, 8, 3, 1, 9, 7, 5]
[10, 2, 6, 8, 3, 7]
[10, 2, 6, 8, 3, 7, 9]
[10, 2, 6, 1]
[10, 2, 6, 1, 9]
[10, 2, 6, 1, 9, 7]
[10, 2, 6, 1, 9, 7, 5]
[10, 2, 6, 1, 9, 7, 3]
[10, 2, 6, 1, 9, 4]
[10, 2, 6, 1, 9, 4, 8]
[10, 2, 6, 1, 3]
[10, 2, 6, 1, 3, 7]
[10, 2, 6, 1, 3, 7, 9]
[10, 2, 6, 1, 3, 7, 9, 4]
[10, 2, 6, 1, 3, 7, 9, 4, 8]
[10, 2, 6, 1, 3, 7, 9, 4, 8, 5]
