[]
[7]
[7, 4]
[7, 4, 10]
[7, 4, 10, 1]
[7, 4, 10, 1, 9]
[7, 4, 10, 1, 9, 6]
[7, 4, 10, 1, 9, 6, 8]
[7, 4, 10, 1, 9, 6, 8, 3]
[7, 4, 10, 1, 9, 6, 8, 2]
[7, 4, 10, 1, 9, 6, 2]
[7, 4, 10, 1, 9, 6, 3]
[7, 4, 10, 1, 9, 5]
[7, 4, 10, 1, 9, 5, 2]
[7, 4, 10, 1, 9, 5, 2, 8]
[7, 4, 10, 1, 9, 5, 2, 8, 3]
[7, 4, 10, 1, 9, 5, 8]
[7, 4, 10, 1, 9, 5, 8, 2]
[7, 4, 10, 1, 9, 5, 3]
[7, 4, 10, 1, 9, 5, 3, 8]
[7, 4, 10, 1, 6]
[7, 4, 10, 1, 6, 9]
[7, 4, 10, 1, 6, 9, 5]
[7, 4, 10, 1, 6, 9, 5, 2]
[7, 4, 10, 1, 6, 9, 5, 2, 8]
[7, 4, 10, 1, 6, 9, 5, 8]
[7, 4, 10, 1, 6, 9, 3]
[7, 4, 10, 1, 6, 9, 3, 8]
[7, 4, 10, 1, 6, 9, 2]
[7, 4, 10, 1, 6, 9, 2, 8]
[7, 4, 10, 1, 6, 9, 2, 8, 3]
[7, 4, 10, 1, 6, 9, 2, 8, 5]
[7, 4, 10, 1, 5]
[7, 4, 10, 1, 5, 9]
[7, 4, 10, 1, 5, 9, 2]
[7, 4, 10, 1, 5, 9, 2, 6]
[7, 4, 10, 1, 5, 9, 2, 6, 8]
[7, 4, 10, 1, 5, 9, 2, 6, 3]
[7, 4, 10, 3]
[7, 4, 10, 3, 5]
[7, 4, 10, 3, 5, 9]
[7, 4, 10, 3, 5, 9, 2]
[7, 4, 10, 3, 5, 9, 2, 6]
[7, 4, 10, 3, 6]
[7, 4, 10, 3, 6, 9]
[7, 4, 10, 3, 6, 9, 2]
[7, 4, 10, 3, 6, 9, 2, 8]
[7, 4, 10, 3, 6, 9, 2, 8, 5]
[7, 4, 10, 3, 6, 9, 2, 8, 1]
[7, 4, 10, 3, 6, 9, 5]
[7, 4, 10, 3, 6, 9, 5, 8]
[7, 4, 10, 3, 6, 9, 5, 8, 1]
[7, 4, 10, 3, 6, 9, 5, 2]
[7, 4, 10, 3, 6, 9, 5, 1]
[7, 4, 10, 3, 9]
[7, 4, 10, 3, 9, 6]
[7, 4, 10, 3, 9, 6, 2]
[7, 4, 10, 3, 9, 6, 8]
[7, 4, 10, 3, 9, 6, 8, 1]
[7, 4, 10, 3, 9, 6, 8, 2]
[7, 4, 10, 8]
[7, 4, 10, 8, 6]
[7, 4, 10, 8, 6, 1]
[7, 4, 10, 8, 6, 1, 3]
[7, 4, 10, 8, 6, 3]
[7, 4, 10, 8, 6, 9]
[7, 4, 10, 8, 6, 9, 2]
[7, 4, 10, 8, 6, 9, 3]
[7, 4, 10, 8, 6, 9, 3, 1]
[7, 4, 10, 8, 5]
[7, 4, 10, 8, 5, 3]
[7, 4, 10, 8, 5, 1]
[7, 4, 10, 8, 5, 9]
[7, 4, 10, 8, 5, 9, 2]
[7, 4, 10, 8, 5, 9, 2, 6]
[7, 4, 10, 8, 2]
[7, 4, 10, 8, 2, 9]
[7, 4, 10, 8, 2, 9, 3]
[7, 4, 10, 8, 2, 9, 3, 6]
[7, 4, 10, 8, 2, 9, 3, 1]
[7, 4, 10, 8, 2, 5]
[7, 4, 10, 8, 2, 5, 3]
[7, 4, 10, 8, 2, 5, 3, 1]
[7, 4, 10, 8, 2, 5, 3, 1, 9]
[7, 4, 10, 8, 2, 5, 3, 9]
[7, 4, 10, 8, 2, 5, 3, 6]
[7, 4, 10, 8, 2, 5, 3, 6, 9]
[7, 4, 10, 5]
[7, 4, 10, 5, 2]
[7, 4, 10, 5, 2, 9]
[7, 4, 10, 5, 2, 9, 3]
[7, 4, 10, 5, 2, 9, 3, 8]
[7, 4, 10, 5, 2, 9, 3, 6]
[7, 4, 10, 5, 2, 9, 3, 6, 8]
[7, 4, 10, 5, 2, 9, 3, 6, 8, 1]
